1
-0.705;0.67;0.2;-0.633897;-0.776103;0.724262;0.615737;
-0.56;0.48;0.2;-0.488897;-0.631103;0.534263;0.425738;
-0.29;0.315;0.2;-0.24336;-0.33664;0.39132;0.23868;
-0.005;0.185;0.2;0.0321192;-0.0421192;0.266377;0.103623;
0.22;0.13;0.2;0.241238;0.198762;0.216885;0.0431154;
0.41;0.1;0.2;0.42395;0.39605;0.188348;0.0116518;
0.65;0.125;0.2;0.640733;0.659267;0.213961;0.0360386;
0.78;0.22;0.2;0.727227;0.832773;0.292215;0.147785;
0.835;0.35;0.2;0.752626;0.917374;0.384851;0.31515;
0.825;0.505;0.2;0.735743;0.914257;0.499241;0.510759;
0.72;0.685;0.2;0.642741;0.797259;0.639932;0.730068;
0.425;0.685;0.2;0.425;0.425;0.595557;0.774443;
0.205;0.495;0.4;0.263462;0.146538;0.427308;0.562692;
0.03;0.335;0.4;0.0903532;-0.0303532;0.268989;0.401011;
-0.245;-0.03;0.4;-0.173563;-0.316437;-0.083822;0.0238221;
-0.25;-0.285;0.4;-0.160574;-0.339426;-0.286753;-0.283247;
-0.24;-0.485;0.4;-0.0613378;-0.418662;-0.476067;-0.493933;
-0.21;-0.645;0.4;-0.0341785;-0.385821;-0.612033;-0.677967;
-0.11;-0.83;0.4;0.12605;-0.34605;-0.702406;-0.957595;

