6
0
1;2;3;4;5;6;
-0.895;0.92;0.2;-0.80557;-0.98443;0.918514;0.921486;
-0.925;-0.885;0.2;-0.83557;-1.01443;-0.886486;-0.883514;
0.79;-0.86;0.2;0.788696;0.791304;-0.770567;-0.949433;
0.75;0.88;0.2;0.660581;0.839419;0.877944;0.882056;
0.335;0.885;0.2;0.333923;0.336078;0.795564;0.974436;

0.335;0.88;0.2;0.424407;0.245593;0.882519;0.877481;
0.355;0.17;0.2;0.444407;0.265593;0.172519;0.167482;
0.35;-0.54;0.2;0.439441;0.26056;-0.54063;-0.53937;
-0.04;-0.55;0.2;-0.0377074;-0.0422927;-0.639413;-0.460587;

-0.34;0.32;0.2;-0.34;-0.34;0.409443;0.230557;
0;0.32;0.2;0;0;0.409443;0.230557;
-0.005;0.73;0.2;-0.0944361;0.0844361;0.728909;0.731091;
-0.005;0.83;0.2;-0.0944427;0.0844427;0.83;0.83;

-0.37;0.58;0.2;-0.459427;-0.280573;0.578344;0.581656;
-0.375;0.85;0.2;-0.464427;-0.285573;0.848344;0.851656;
-0.67;0.85;0.2;-0.67;-0.67;0.760557;0.939443;
-0.645;0.575;0.2;-0.555925;-0.734075;0.583098;0.566902;
-0.65;0.34;0.2;-0.560578;-0.739422;0.338097;0.341903;
-0.65;0.095;0.2;-0.560557;-0.739443;0.095;0.095;

-0.65;0.095;0.2;-0.560645;-0.739354;0.0989713;0.0910287;
-0.64;-0.13;0.2;-0.550645;-0.729355;-0.126029;-0.133971;
-0.32;-0.13;0.2;-0.32;-0.32;-0.0405573;-0.219443;
-0.325;-0.33;0.2;-0.235585;-0.414415;-0.332235;-0.327765;
-0.33;-0.41;0.2;-0.240731;-0.419269;-0.415579;-0.404421;

-0.665;-0.675;0.2;-0.680276;-0.649724;-0.586871;-0.763129;
-0.29;-0.61;0.2;-0.305276;-0.274724;-0.521871;-0.698129;
-0.18;-0.545;0.2;-0.225502;-0.134498;-0.467996;-0.622004;

