3
-0.83;0.87;0.2;-0.746417;-0.913583;0.901841;0.838159;
-0.79;0.765;0.2;-0.706417;-0.873583;0.796841;0.733159;
-0.69;0.655;0.2;-0.623818;-0.756182;0.715166;0.594834;
-0.52;0.55;0.2;-0.472998;-0.567001;0.626098;0.473902;
-0.41;0.48;0.2;-0.36198;-0.45802;0.555459;0.404541;

0.165;0.8;0.4;0.216425;0.113575;0.873181;0.726819;
0.35;0.67;0.4;0.401425;0.298575;0.743181;0.596819;
0.55;0.59;0.4;0.583218;0.516782;0.673046;0.506955;
0.615;0.42;0.4;0.698544;0.531456;0.451943;0.388057;
0.77;0.29;0.4;0.827477;0.712523;0.35853;0.22147;
0.84;0.21;0.4;0.907313;0.772688;0.268898;0.151102;

-0.735;-0.17;0.6;-0.731748;-0.738252;0.00885592;-0.348856;
-0.46;-0.175;0.6;-0.456748;-0.463252;0.00385593;-0.353856;
-0.2;-0.2;0.6;-0.182878;-0.217122;-0.0219359;-0.378064;
-0.08;-0.395;0.6;0.0723493;-0.232349;-0.301247;-0.488753;
0.095;-0.495;0.6;0.183752;0.00624798;-0.339684;-0.650316;
0.345;-0.58;0.6;0.402584;0.287416;-0.410636;-0.749364;
0.535;-0.55;0.6;0.5071;0.562899;-0.373304;-0.726696;
0.76;-0.35;0.6;0.641155;0.878845;-0.216299;-0.483701;

