2
-0.2;0.83;0.6;-0.110894;-0.289106;0.837748;0.822252;
-0.19;0.715;0.6;-0.100894;-0.279106;0.722748;0.707252;
-0.19;0.555;0.6;-0.100557;-0.279443;0.555;0.555;
-0.21;0.395;0.6;-0.121248;-0.298752;0.383906;0.406094;
-0.32;0.25;0.6;-0.248742;-0.391258;0.195942;0.304058;
-0.535;0.12;0.2;-0.488721;-0.581279;0.043461;0.196539;
-0.695;0.04;0.2;-0.655;-0.735;-0.04;0.12;
-0.735;-0.23;0.2;-0.646523;-0.823477;-0.243108;-0.216892;
-0.725;-0.47;0.2;-0.54627;-0.90373;-0.462553;-0.477447;

0.785;0.855;0.2;0.834614;0.735386;0.780579;0.929421;
0.635;0.755;0.2;0.684614;0.585386;0.680579;0.829421;
0.48;0.645;0.2;0.531765;0.428235;0.572059;0.717941;
0.31;0.505;0.2;0.366859;0.253141;0.435956;0.574044;
0.235;0.335;0.2;0.316833;0.153167;0.298897;0.371103;
0.255;0.17;0.2;0.343793;0.166207;0.180763;0.159237;
0.29;0.005;0.2;0.377496;0.202504;0.0235597;-0.0135597;
0.295;-0.195;0.4;0.47383;0.11617;-0.190529;-0.199471;
0.295;-0.385;0.4;0.473885;0.116115;-0.385;-0.385;
0.295;-0.68;0.4;0.563328;0.0266718;-0.68;-0.68;

