1
-0.06;0.665;0.2;-0.0416765;-0.0783235;0.577454;0.752546;
-0.275;0.62;0.2;-0.256676;-0.293323;0.532454;0.707546;
-0.565;0.495;0.2;-0.529596;-0.600404;0.412863;0.577137;
-0.74;0.21;0.2;-0.663779;-0.816221;0.163198;0.256802;
-0.755;-0.00999999;0.2;-0.665764;-0.844236;-0.0160842;-0.00391575;
-0.715;-0.29;0.2;-0.626456;-0.803544;-0.277351;-0.302649;
-0.645;-0.515;0.2;-0.559595;-0.730405;-0.48843;-0.54157;
-0.47;-0.685;0.2;-0.407678;-0.532322;-0.620845;-0.749155;
-0.21;-0.785;0.2;-0.177892;-0.242108;-0.701519;-0.868481;
0.0700001;-0.79;0.2;0.071597;0.0684031;-0.700571;-0.879428;
0.435;-0.715;0.2;0.416997;0.453002;-0.627388;-0.802612;
0.635;-0.58;0.2;0.584959;0.685041;-0.505866;-0.654135;
0.745;-0.3;0.2;0.661751;0.828249;-0.267295;-0.332705;
0.78;-0.0549999;0.2;0.691456;0.868544;-0.0423509;-0.067649;
0.735;0.22;0.2;0.646731;0.823269;0.205556;0.234444;
0.595;0.43;0.2;0.520579;0.669421;0.380386;0.479614;
0.38;0.575;0.2;0.329989;0.430011;0.500845;0.649154;
0.16;0.65;0.2;0.131139;0.188861;0.565342;0.734658;
-0.055;0.65;0.2;-0.055;-0.055;0.560557;0.739443;

