1
0.13;0.49;1;0.215721;0.0442794;0.464466;0.515534;
0.0599999;0.255;1;0.145721;-0.0257207;0.229466;0.280534;
0.0599999;-0.035;1;0.149443;-0.0294428;-0.035;-0.035;
0.15;-0.34;1;0.235786;0.0642141;-0.314686;-0.365314;
0.305;-0.395;1;0.33491;0.275089;-0.310707;-0.479293;
0.52;-0.1;1;0.447717;0.592283;-0.0473195;-0.152681;
0.53;0.235;1;0.440597;0.619403;0.237669;0.232331;
0.595;0.42;1;0.510614;0.679386;0.449649;0.390351;
0.39;0.69;1;0.318764;0.461236;0.635913;0.744087;
-0.265;0.625;1;-0.256167;-0.273833;0.535994;0.714006;
-0.365;0.07;1;-0.276975;-0.453025;0.0541396;0.0858604;
-0.38;-0.375;1;-0.290608;-0.469392;-0.378013;-0.371987;
-0.22;-0.65;1;-0.14269;-0.29731;-0.60502;-0.69498;
0.35;-0.735;1;0.363192;0.336808;-0.646536;-0.823465;

